전라북도
(120 541) 			(1073 546)

전라남도
(25 657)			(978 662)	

광주
(140 696)			(1094 702)

제주
(615 725)			(1569 730)

부산
(467 704)			(1420 708)

울산
(498 638) 		(1451 643)

대구
(400 582) 		(1353 587)	

경북
(330 360) 		(1284 367)

경남
(281 591)			(1235 596)

강원
(257 92)			(1210 98)

경기
(166 147)			(1120 151)

서울
(202 260)			(1156 264)
	 
인천
(172 260)			(1126 264)

충청북도
(261 344)			(1215 348)

충청남도
(92 360)			(1046 366)

세종
(236 431)			(1189 436)

대전
(248 485)			(1202 490 )